4294967293,131
4294967293,130
4294967293,129
4294967293,128
4294967293,127
4294967293,126
4294967293,125
4294967293,124
4294967293,123
4294967293,122
4294967293,121
4294967293,120
4294967293,119
4294967293,118
4294967293,117
4294967293,116
4294967293,115
4294967293,114
4294967293,113
4294967293,112
4294967293,111
4294967293,110
4294967293,109
4294967293,108
4294967293,107
4294967293,106
4294967293,105
4294967293,104
4294967293,103
4294967293,102
4294967293,101
4294967293,100
4294967293,99
4294967293,98
4294967293,97
4294967293,96
4294967293,95
4294967293,94
4294967293,93
4294967293,92
4294967293,91
4294967293,90
4294967293,89
4294967293,87
4294967293,86
4294967293,85
4294967293,84
4294967293,83
4294967293,82
4294967293,81
4294967293,80
4294967293,79
4294967293,78
4294967293,77
4294967293,76
4294967293,75
4294967293,74
4294967293,73
4294967293,72
4294967293,71
4294967293,70
4294967293,69
4294967293,68
4294967293,67
4294967293,66
4294967293,65
4294967293,64
4294967293,63
4294967293,62
4294967293,61
4294967293,60
4294967293,59
4294967293,58
4294967293,57
4294967293,56
4294967293,55
4294967293,54
4294967293,53
4294967293,52
4294967293,51
4294967293,50
4294967293,49
4294967293,48
4294967293,47
4294967293,46
4294967293,45
4294967293,44
4294967293,43
4294967293,42
4294967293,41
4294967293,40
4294967293,39
4294967293,38
4294967293,37
4294967293,36
4294967293,35
4294967293,34
4294967293,33
4294967293,32
4294967293,31
4294967293,30
4294967293,29
4294967293,28
4294967293,27
4294967293,26
4294967293,25
4294967293,24
4294967293,23
4294967293,22
4294967293,21
4294967293,20
4294967293,19
4294967293,18
4294967293,17
4294967293,16
4294967293,15
4294967293,14
4294967293,13
4294967293,12
4294967293,11
4294967293,10
4294967293,9
4294967293,8
4294967293,7
4294967293,6
4294967293,5
4294967293,4
4294967293,3
4294967278,105
4294967278,104
4294967278,103
4294967278,102
4294967278,101
4294967278,100
4294967278,99
4294967278,98
4294967278,97
4294967278,96
4294967278,95
4294967278,94
4294967278,93
4294967278,92
4294967279,154
4294967278,155
4294967279,152
4294967278,152
4294967279,151
23,4
4294967278,151
23,3
23,2
23,1
23,0
4294967278,332
4294967279,150
4294967294,184
4294967278,150
4294967279,148
4294967279,147
4294967279,146
4294967278,146
4294967279,145
22,5
4294967278,145
22,4
4294967279,144
22,3
22,2
22,1
22,0
4294967279,516
4294967278,144
4294967279,143
4294967278,143
4294967278,142
4294967279,141
4294967278,141
21,4
4294967279,140
21,3
21,2
21,1
21,0
4294967278,140
4294967279,139
4294967278,139
4294967278,291
4294967278,137
4294967278,289
4294967278,135
4294967278,290
4294967278,134
4294967278,133
4294967279,270
4294967278,273
20,4
4294967279,269
20,3
20,2
20,1
20,0
4294967278,272
4294967279,515
4294967279,267
4294967279,266
4294967279,265
4294967278,268
4294967279,264
19,5
4294967278,267
19,4
4294967279,263
19,3
19,2
19,1
19,0
4294967279,275
4294967278,266
4294967279,262
4294967278,265
4294967278,264
4294967279,259
4294967278,263
18,4
4294967279,258
18,3
18,2
18,1
18,0
4294967278,262
4294967279,273
4294967278,259
4294967294,390
4294967294,404
4294967294,393
4294967294,173
4294967294,189
4294967294,402
4294967294,174
4294967294,416
4294967294,401
4294967294,163
4294967294,929
4294967294,448
4294967294,114
4294967278,257
4294967294,191
4294967278,331
4294967278,279
4294967279,254
4294967279,251
4294967279,514
4294967279,249
4294967278,253
4294967279,248
17,5
4294967278,330
17,4
4294967279,513
17,3
17,2
17,1
17,0
4294967279,512
4294967278,251
4294967279,247
4294967278,250
4294967278,249
4294967279,253
4294967278,248
16,4
4294967279,244
16,3
16,2
16,1
16,0
4294967279,319
4294967278,329
4294967279,243
4294967278,328
4294967279,318
4294967278,327
4294967279,242
4294967278,247
4294967278,326
4294967278,325
4294967278,120
4294967278,114
4294967278,113
4294967278,112
4294967278,111
4294967278,110
4294967278,109
4294967278,91
4294967278,90
4294967278,89
4294967278,87
4294967278,86
4294967278,85
4294967278,84
4294967278,83
4294967278,82
4294967278,81
4294967278,80
4294967278,79
4294967278,78
